Effect vandomraade period Estimate StdErr DF tValue Probt month
vandomraade*period Als Fjord 2007-2012 5.45890051787035 0.382236077878684 1 14.2814894610836 0.0445039291243021 NA
month   0.0386988663621321 0.0871629760951873 7043 0.443982847945332 0.657068624693348 5
month   -0.0205461398370053 0.0523846530808312 7043 -0.392216777789897 0.694909916438404 6
month   -0.0065205420555747 0.0557575462493645 7043 -0.116944566147385 0.906907316191183 7
month   -0.0061530771785632 0.0479942775610509 7043 -0.12820439209104 0.897990884769841 8
month   0 NA NA NA NA 9
depth   -0.10633556596442 0.00303185422487309 7043 -35.0727832136688 1.59004058764951e-248 NA
haard_ind1   0.0090905933033305 0.00054582726760332 7043 16.6547071626643 4.08237522875974e-61 NA
haard_ind2   -0.000754209544183967 0.000616782685350894 7043 -1.22281244609662 0.221441459120599 NA
